NAME: CVRP_Blue_168
TYPE: TSP
COMMENT: 168 blue cities in the war;对称旅行商；Jesse_Chen
DIMENSION: 168
EDGE_WEIGHT_TYPE: EXPLICIT
EDGE_WEIGHT_FORMAT: FULL_MATRIX
DISPLAY_DATA_TYPE: TWOD_DISPLAY
EDGE_WEIGHT_SECTION

DISPLAY_DATA_SECTION
1	84.001925	7.6674
2	83.608775	9.302266667
3	83.152275	10.4116
4	84.798225	9.813633333
5	84.119425	9.5218
6	83.0695	9.070433333
7	82.9367	7.685733333
8	82.9601	8.910266667
9	82.897875	9.1235
10	82.84975	8.980533333
11	82.326175	10.06613333
12	74.703175	11.6198
13	79.506525	0.7677
14	79.5526	3.1024
15	79.59225	5.6782
16	79.593175	5.719533333
17	79.62555	7.734833333
18	79.627375	7.858366667
19	79.163675	10.28883333
20	79.681	10.17963333
21	81.184325	9.865066667
22	82.311575	10.05843333
23	82.341275	10.07376667
24	83.6385	10.6162
25	83.875475	10.74283333
26	81.539325	13.1841
27	79.8001	11.90876667
28	80.25245	10.87423333
29	81.19695	10.5484
30	82.05685	10.52913333
31	78.8688	3.1138
32	78.8941	5.690033333
33	78.895	5.729266667
34	78.916575	7.748866667
35	78.9291	9.1881
36	78.94735	10.13486667
37	82.3602	13.36623333
38	82.1199	12.01776667
39	82.11305	11.7868
40	81.182025	8.905
41	79.653075	9.1751
42	78.886575	10.13566667
43	78.884075	9.187733333
44	78.862925	7.757066667
45	78.84545	5.734266667
46	78.84635	5.695966667
47	78.83165	4.873233333
48	78.8208	3.9436
49	78.813975	3.1215
50	81.215175	12.02383333
51	82.86895	12.011
52	78.66115	10.39493333
53	78.768325	10.29313333
54	78.784175	10.41963333
55	78.81575	10.22473333
56	78.996725	10.20863333
57	79.034	10.2374
58	79.0688	10.38363333
59	79.009225	10.46346667
60	78.836375	10.46946667
61	78.80105	10.4413
62	78.0067	9.203466667
63	77.650425	8.1824
64	81.2145	11.8018
65	82.885	11.77506667
66	77.5086	11.6898
67	77.915	11.5492
68	78.90755	11.21816667
69	78.953475	11.2071
70	82.39055	14.45923333
71	81.7528	13.61943333
72	77.9453	10.5389
73	84.99415	15.20203333
74	84.156675	15.66553333
75	82.3712	15.54373333
76	78.915475	11.92993333
77	78.891825	10.5552
78	80.77115	14.06956667
79	83.1716	13.0112
80	81.848125	14.85973333
81	83.77715	13.63506667
82	76.383975	8.560433333
83	76.3435	8.445833333
84	76.0188	7.512
85	75.6848	6.566633333
86	78.9641	11.9222
87	77.77315	12.4289
88	76.38085	13.0342
89	75.6854	11.05113333
90	75.340375	10.0837
91	74.9877	9.0587
92	77.601125	8.035833333
93	74.934825	8.908533333
94	74.082625	9.188766667
95	85.88005	7.8604
96	81.16255	7.7161
97	76.39245	8.5843
98	76.756725	9.615333333
99	77.106875	10.59543333
100	77.1167	10.62643333
101	74.972625	9.015533333
102	74.68465	11.5419
103	88.496875	15.0735
104	75.0268	11.443
105	86.8214	15.89463333
106	86.75735	15.4741
107	86.260675	14.15186667
108	86.745925	8.617033333
109	89.24665	8.002466667
110	79.627875	7.888
111	74.4701	11.61706667
112	78.949925	10.55386667
113	86.076675	6.2595
114	81.126225	5.693666667
115	77.639075	8.150066667
116	74.608775	7.9878
117	74.26155	7.046066667
118	89.2823	7.992133333
119	98.82555	5.2493
120	85.76505	8.563333333
121	85.80445	8.681033333
122	85.658975	8.863733333
123	85.73835	8.668933333
124	86.0796	6.219533333
125	85.399925	15.66363333
126	85.61915	15.91586667
127	81.125775	5.6522
128	81.090475	3.100566667
129	81.089725	3.0489
130	98.8006	6.320566667
131	74.470875	14.4144
132	75.56255	13.4773
133	75.11325	13.63716667
134	74.92035	14.64306667
135	74.9929	14.63606667
136	75.52235	13.3556
137	74.95505	14.59876667
138	98.922125	5.4714
139	87.0632	15.18726667
140	86.9773	15.44476667
141	74.587725	13.63546667
142	74.59625	13.66843333
143	74.067625	6.3984
144	75.55455	6.179833333
145	76.296225	6.070833333
146	77.22945	5.933633333
147	83.935525	5.604566667
148	83.99155	5.603633333
149	86.1134	2.665
150	83.9439	2.730066667
151	83.8943	2.739566667
152	81.02785	3.0808
153	83.8867	2.684333333
154	83.925025	4.111466667
155	74.0346	4.814966667
156	75.49475	4.042833333
157	76.261075	3.790233333
158	77.230325	3.540033333
159	83.96635	4.111366667
160	76.284125	5.285033333
161	76.27165	4.476233333
162	77.228675	4.280233333
163	77.22675	5.134366667
164	75.5336	5.4157
165	78.7876	0.8042
166	78.838875	0.800533333
167	75.0444	11.47406667
168	74.47675	11.63876667
EOF
